0.070715115 0.055383371 0.053776136 0.104698384 0.317434372 0.25468985 0.143302773 1.891002826
0.058970645 0.140074362 0.276484351 0.245404062 0.130895771 0.097033763 0.051137047 3.181681132
0.059634741 0.158017431 0.225437296 0.219193952 0.156275024 0.101611983 0.079829573 1.915687169
0.18297838 0.210943467 0.246923824 0.162506329 0.089680793 0.072407748 0.034559459 1.504250764
0.015229841 0.030384746 0.125799306 0.461473583 0.279562946 0.047916735 0.039632845 1.837102107
0.06946148 0.173786346 0.270785989 0.203128794 0.108035906 0.120109767 0.054691718 1.865686189
0.091225357 0.177362666 0.20995676 0.126606657 0.142108419 0.164284883 0.088455257 1.492980078
0.073966438 0.118547817 0.225651387 0.253113292 0.159461981 0.111834192 0.057424893 2.024962495
0.074887681 0.149472672 0.227312245 0.168658093 0.227059699 0.107141476 0.045468133 1.565439834
0.124788687 0.228415003 0.243333887 0.146866997 0.082606699 0.086898579 0.087090147 1.891687633
0.142911088 0.219048723 0.205334953 0.123102643 0.117482384 0.121577402 0.070542806 1.277739845
0.057464193 0.129011682 0.25639653 0.323829037 0.113280524 0.081985496 0.038032537 4.674120442
0.057012116 0.160672058 0.281518232 0.278821367 0.107624336 0.076312261 0.03803963 7.336906325
0.065655634 0.191098052 0.298521231 0.256225554 0.100487163 0.053340713 0.034671652 4.929699204
0.022896671 0.025829905 0.097022551 0.379137623 0.326885557 0.086852093 0.061375599 1.412014532
0.096690234 0.130902534 0.234947943 0.176247431 0.095406777 0.13632398 0.129481103 1.496229412
0.075849154 0.148462707 0.229252225 0.258483827 0.134006147 0.085405421 0.068540519 2.118237337
0.096284415 0.172774849 0.537114153 0.046972608 0.063508531 0.053998299 0.029347146 1.569065439
0.0709988 0.169120796 0.599848882 0.049882929 0.045827669 0.042125851 0.022195073 2.195795198
0.066676037 0.153798422 0.269111946 0.296977304 0.122412445 0.05651096 0.034512886 6.128201518
0.022176962 0.027793918 0.105477033 0.391072185 0.327985055 0.070785926 0.054708921 1.650900574
0.033288426 0.050825235 0.084293911 0.37032256 0.217656995 0.159946508 0.083666365 1.529501464
0.096929968 0.185267204 0.223974565 0.195501926 0.073660137 0.105608513 0.119057687 1.76404951
0.087669804 0.183375504 0.197204226 0.205551649 0.168786721 0.109750365 0.047661732 1.867945585
0.081547233 0.16412987 0.23790853 0.217579075 0.108693281 0.103207921 0.08693409 2.639530192
0.027410455 0.048683105 0.098645566 0.410146516 0.226318886 0.10915056 0.079644911 1.95059213
0.074918921 0.132701038 0.220796186 0.229337908 0.134835085 0.150606241 0.056804621 1.893909499
0.07531792 0.076687196 0.111942104 0.041962071 0.146008225 0.363786145 0.184296339 2.095809831
0.083642815 0.150988735 0.236789519 0.2090868 0.097561338 0.160485651 0.061445141 1.737464478
0.098741297 0.158869507 0.242572964 0.144101585 0.133904876 0.135808171 0.0860016 1.571077377
0.129158118 0.200601799 0.206946666 0.096759486 0.104058976 0.127764007 0.134710947 1.326130563
0.08527794 0.185730437 0.284962724 0.162474441 0.103697552 0.101611451 0.076245456 2.35230031
0.076713528 0.059354462 0.061288742 0.071987494 0.267828087 0.268072983 0.194754705 1.933289462
0.019375026 0.028213007 0.07619906 0.324773687 0.306958975 0.144019846 0.100460398 2.285818631
0.099154934 0.163489435 0.132298927 0.193665896 0.146814349 0.121257793 0.143318667 1.694141241
0.023126639 0.04260976 0.103818752 0.381398976 0.334314492 0.059972642 0.054758738 2.015419472
0.035712402 0.090858586 0.197713634 0.300274167 0.198769587 0.107066283 0.069605342 2.910007434
0.110592471 0.18899371 0.255392353 0.177632407 0.124475962 0.085517437 0.057395659 2.274126126
0.094054263 0.189155516 0.28399271 0.19420497 0.110432857 0.090965846 0.037193838 2.244108705
0.150967334 0.176916116 0.19319395 0.108228445 0.141655456 0.147075017 0.081963681 1.181237687
0.105664053 0.238317555 0.221125523 0.156518453 0.078374316 0.097450998 0.102549103 2.524710718
0.092804338 0.20304116 0.248762132 0.161815474 0.100765407 0.123135801 0.069675688 2.350373097
0.083482172 0.191830344 0.261189433 0.274969226 0.089483072 0.064053392 0.034992361 4.785790119
0.03135413 0.046742966 0.09386445 0.352533319 0.341457219 0.070131702 0.063916215 2.083356211
0.107338006 0.168419512 0.200648074 0.141906775 0.110165987 0.149631343 0.121890302 1.717340539
0.02481678 0.029056094 0.09549006 0.395701221 0.297111612 0.086297147 0.071527085 2.508218207
0.119986058 0.243986588 0.230475208 0.139579638 0.076134101 0.086673741 0.103164666 1.868576433
0.0397553 0.08092984 0.190293508 0.314441507 0.196044687 0.093268657 0.085266501 2.357228127
0.082533062 0.177544592 0.240741729 0.179750387 0.154305445 0.099657558 0.065467226 2.496448692
0.046364712 0.04083134 0.041622685 0.080238101 0.250202121 0.287238017 0.253503024 2.548328169
0.088402993 0.128325989 0.138318979 0.143476433 0.169210644 0.2131553 0.119109662 1.358319264
0.27167484 0.192456634 0.34139422 0.050107079 0.056154563 0.060006652 0.028206013 1.285223913
0.129048261 0.216077045 0.209589353 0.136974724 0.095742495 0.1223056 0.090262522 1.856336239
0.124386179 0.23887961 0.192151324 0.114638438 0.105637219 0.136257118 0.088050112 1.543062867
0.074155153 0.17736907 0.262827969 0.227739009 0.09559711 0.099208123 0.063103566 1.735067428
0.077166099 0.165129989 0.196982659 0.220017355 0.204526787 0.079047331 0.05712978 2.105386206
0.118295134 0.164981266 0.21811268 0.153009784 0.105238214 0.107192272 0.133170649 1.280180149
0.018692786 0.026684688 0.119971608 0.449154793 0.283373663 0.056128831 0.045993631 1.904461882
0.047668012 0.082639254 0.076399336 0.316087064 0.189823179 0.187388052 0.099995102 1.560626941
0.028996642 0.046767599 0.086278681 0.334654564 0.321770718 0.092459228 0.089072568 1.853628841
0.09046895 0.185502331 0.252969035 0.158487423 0.147992366 0.109138087 0.055441808 1.870437107
0.017806305 0.028408787 0.104404529 0.318988313 0.390195458 0.087626685 0.052569923 1.877211754
0.097019842 0.204270404 0.285722575 0.168568679 0.111304417 0.077196065 0.055918019 2.470797327
0.019916234 0.036410395 0.113029099 0.393725892 0.335506394 0.05509738 0.046314606 2.019912965
0.136006524 0.218118108 0.235751868 0.141759894 0.098498753 0.083171761 0.086693093 1.73233213
0.088235112 0.196111681 0.294645639 0.243126758 0.095888708 0.06047258 0.021519522 5.83034254
0.085507369 0.12642645 0.201574116 0.198418426 0.133381086 0.177700573 0.07699198 1.61250625
0.034094617 0.027112626 0.035364484 0.113782518 0.287128438 0.315862736 0.186654583 4.041304504
0.071892455 0.174148122 0.29861019 0.236951774 0.105916743 0.059746543 0.052734174 3.336984147
0.090754217 0.180043112 0.271174206 0.211819686 0.112832109 0.083862303 0.049514366 2.60560548
0.021166854 0.037565828 0.092998938 0.382332134 0.307270515 0.094899098 0.063766632 2.475269987
0.015063258 0.034250306 0.143342184 0.479317618 0.255843333 0.033075682 0.039107619 2.425737076
0.036095843 0.047357069 0.102812302 0.338394925 0.348110275 0.071491221 0.055738365 2.043839342
0.088422723 0.151948299 0.258472424 0.199490174 0.106830071 0.10419634 0.09063997 2.144690185
0.07878293 0.154941916 0.246353923 0.229655034 0.101346139 0.109444112 0.079475946 2.37035989
0.08747246 0.137751039 0.185093599 0.181165656 0.121824121 0.140490046 0.146203079 1.733121052
0.016935489 0.029950673 0.149638613 0.45407697 0.258123125 0.060338927 0.030936203 2.691574454
0.109514776 0.20657047 0.24832167 0.199768666 0.109238332 0.082271702 0.044314383 2.447860063
0.055906074 0.087519697 0.166051408 0.238361548 0.195329042 0.146664882 0.110167349 1.893463553
0.113467246 0.218672858 0.231170203 0.126829511 0.100309433 0.094730564 0.114820185 1.615803548
0.088131053 0.223003899 0.291790104 0.230110736 0.094333252 0.051402326 0.021228629 5.206336735
0.082470441 0.158865235 0.244973534 0.22243714 0.111940517 0.106442563 0.072870569 2.329464799
0.032750819 0.034729274 0.06723966 0.314999192 0.322967334 0.098952874 0.128360848 2.048407492
0.111413922 0.157658187 0.507427488 0.054383111 0.067660481 0.067076975 0.034379836 1.594794176
0.099422275 0.259889556 0.266492575 0.198921719 0.101127624 0.041040858 0.033105394 4.101540183
0.0903104 0.189142208 0.270629232 0.204436339 0.122446527 0.069862215 0.053173078 2.710224054
0.016851808 0.031647857 0.135931318 0.385573347 0.361038396 0.034923585 0.034033689 2.196540622
0.109561356 0.145253504 0.216522303 0.159305904 0.144325647 0.130848783 0.094182502 1.525411942
0.061498215 0.126992901 0.27204374 0.26831591 0.102849511 0.097257765 0.071041958 3.048197446
0.104639166 0.241327312 0.27350764 0.204735787 0.092430033 0.049627841 0.033732221 2.982967502
0.088707436 0.176145273 0.21697606 0.253426361 0.12790088 0.081505834 0.055338155 2.718142847
0.09023493 0.187458821 0.210914804 0.1788124 0.096941828 0.094469759 0.141167458 1.811080376
0.094636916 0.17205779 0.220397126 0.178374883 0.127810931 0.101088334 0.105634019 2.064834072
0.043293034 0.057878391 0.075449579 0.348989351 0.237643472 0.155591439 0.081154734 1.860474163
0.105444134 0.221333036 0.248016693 0.148933291 0.105633276 0.101142008 0.069497562 1.558434303
0.116721043 0.184732481 0.254177452 0.221492857 0.103016238 0.076265547 0.043594382 2.002699951
0.0860184 0.186150879 0.264959832 0.220983826 0.127838687 0.07186867 0.042179707 3.437515831
0.044596895 0.060003763 0.166433373 0.317372208 0.269425161 0.099900558 0.042268043 2.273072172
0.048703751 0.125283197 0.236884377 0.338998505 0.128853346 0.081892031 0.039384793 5.142656994
0.115193884 0.179251403 0.176443531 0.175738869 0.136343005 0.096598955 0.120430352 2.007690448
0.017508456 0.024067764 0.104517098 0.408657823 0.315857718 0.073002119 0.056389022 2.335225689
0.019256674 0.039658005 0.112190962 0.388766339 0.353091636 0.044712337 0.042324046 1.778706977
0.120135562 0.197273725 0.240722377 0.18175646 0.085841287 0.084481344 0.089789245 1.549245311
0.09630868 0.173141865 0.212452147 0.128001878 0.091620359 0.132693223 0.165781848 1.950167216
0.07917844 0.145100039 0.237692298 0.271048802 0.138597753 0.086735937 0.041646731 2.587472408
0.024547232 0.048910801 0.104392081 0.33754412 0.363937615 0.061464886 0.059203267 1.658636268
0.104045628 0.212329124 0.212995787 0.125640876 0.097550098 0.140135331 0.107303155 1.631319312
0.067673348 0.117296842 0.193798965 0.249452702 0.207113057 0.1048767 0.059788385 1.848229312
0.124122483 0.138823112 0.208753994 0.245055247 0.139740623 0.096928506 0.046576035 1.449539649
0.130205378 0.237818377 0.205338172 0.144625536 0.092900033 0.081794787 0.107317717 1.60104438
0.053377256 0.134388371 0.250489925 0.28914044 0.151152086 0.085597225 0.035854696 3.299382508
0.030917709 0.033224732 0.074043968 0.267952426 0.424873754 0.12651177 0.042475642 1.665895913
0.004583527 0.005855091 0.01870515 0.084496122 0.351604254 0.375535812 0.159220045 10.459957841
0.092679428 0.20027102 0.196566077 0.156164288 0.110030052 0.120349931 0.123939204 1.685610123
0.115692606 0.212719948 0.270508246 0.166179471 0.109250467 0.070763947 0.054885315 2.015012612
0.113743073 0.213545375 0.208585 0.119168639 0.108744374 0.141293405 0.094920134 1.463066843
0.143264419 0.178088949 0.222383133 0.177719774 0.127969303 0.102818067 0.047756354 1.566059198
0.048405587 0.083283317 0.076776949 0.28903606 0.228290794 0.15820102 0.116006271 1.505530282
0.136220785 0.177107338 0.253385706 0.19395579 0.122099568 0.074473635 0.042757179 1.866296572
0.089175978 0.169908364 0.206395338 0.16355466 0.104076364 0.119357119 0.147532177 1.496395984
0.077215587 0.155413108 0.20323594 0.233344969 0.121533726 0.124675912 0.084580758 2.132449965
0.14021085 0.195249486 0.153644125 0.126133947 0.112904302 0.159109431 0.112747859 1.433942347
0.014754982 0.026444157 0.13096129 0.467438115 0.279544531 0.050061838 0.030795088 2.887416083
0.09521044 0.171507696 0.467443962 0.066651004 0.086727142 0.072487804 0.039971952 1.598822374
0.040754678 0.070446347 0.085946803 0.36166501 0.192138786 0.14169448 0.107353896 1.454507967
0.082503842 0.129726987 0.193545987 0.241889775 0.134211434 0.11978048 0.098341494 1.910319274
0.068384657 0.192094108 0.324336384 0.214590157 0.101072624 0.058415281 0.041106789 3.353687909
0.071745291 0.218304755 0.306099037 0.217595801 0.086956693 0.067456071 0.031842352 6.191009638
0.077149099 0.169520519 0.302222275 0.223737724 0.091550573 0.090920225 0.044899585 2.849017866
0.081592819 0.204487436 0.320358489 0.203606774 0.116800882 0.048078327 0.025075272 6.257615945
0.118638129 0.188749734 0.226195429 0.17414138 0.113676452 0.097530377 0.081068499 2.069711849
0.071131176 0.134025718 0.222919219 0.222279231 0.154764215 0.120968089 0.073912353 2.164583648
0.121293718 0.180718407 0.219679793 0.164490496 0.127503131 0.101908441 0.084406014 1.364894125
0.074054475 0.163104729 0.175884286 0.223653657 0.15084597 0.127811317 0.084645567 1.84789475
0.098908856 0.248976306 0.269317202 0.176851991 0.079605924 0.072145897 0.054193824 3.719054176
0.086159618 0.197185622 0.305378494 0.209426164 0.084421116 0.067129865 0.05029912 2.64372928
0.07933927 0.160060582 0.275005132 0.245064869 0.129489551 0.072402405 0.038638192 2.926434941
0.020258443 0.025872069 0.118713107 0.430199999 0.278898626 0.062758976 0.06329878 1.803956054
0.076125939 0.200870257 0.30248577 0.22669637 0.076948244 0.073196986 0.043676433 2.06622535
0.134804883 0.191091674 0.212240866 0.137218752 0.091870704 0.106088104 0.126685016 1.502599243
0.12207647 0.190723629 0.176336953 0.119747883 0.132702528 0.169240214 0.089172324 1.460460929
0.04776941 0.082208395 0.086646881 0.314860624 0.266056955 0.120246219 0.082211515 1.510943401
0.121268161 0.174353396 0.238203606 0.184155522 0.117334416 0.104996326 0.059688573 1.447599463
0.039188867 0.035414661 0.09360195 0.397755139 0.226571502 0.136016895 0.071450986 1.760092544
0.002765536 0.00412504 0.018264081 0.089400176 0.333482946 0.267921005 0.284041217 41.845000927
0.078634275 0.171443263 0.214116572 0.213810358 0.093798031 0.125577352 0.10262015 1.983767913
0.07846927 0.131116319 0.187933148 0.125267915 0.107340552 0.197231171 0.172641624 1.41839756
0.056690759 0.167349607 0.300342611 0.26149334 0.120408557 0.0627607 0.030954425 9.918169425
0.069289006 0.140483027 0.243755064 0.23004466 0.125675246 0.103377691 0.087375305 2.409338089
0.068849505 0.116554088 0.201711347 0.218657318 0.123092207 0.154050081 0.117085455 1.690879132
0.015282619 0.025653674 0.09382619 0.327014073 0.428651087 0.056974424 0.052597932 1.985763598
0.072142735 0.154105477 0.293312838 0.262136328 0.110677186 0.071280299 0.036345137 2.576322338
0.085349203 0.194329458 0.233664288 0.239406905 0.119848625 0.07812453 0.049276991 3.827065363
0.0821066 0.0999698 0.066343496 0.264636781 0.238126021 0.125562155 0.123255148 1.4890229
0.041238752 0.06983081 0.085614434 0.339189472 0.241406865 0.118088875 0.104630792 1.575581461
0.024336751 0.030047485 0.07686103 0.339205081 0.287649654 0.122264694 0.119635305 2.111316853
0.121338804 0.180596587 0.214117325 0.180140631 0.104910631 0.099514868 0.099381154 1.671409295
0.203333835 0.180868706 0.200125029 0.106476635 0.120865823 0.109271818 0.079058155 1.268568748
0.068386027 0.13958593 0.252261859 0.193933401 0.107038554 0.130331445 0.108462784 1.854473975
0.09203876 0.198449648 0.261825294 0.212299371 0.086436894 0.063965 0.084985034 2.564141535
0.109946465 0.196256501 0.231646277 0.120126131 0.12035422 0.12009104 0.101579367 1.817462201
0.092719981 0.171296246 0.138620112 0.146009418 0.14325474 0.212252188 0.095847315 1.256983568
0.101008694 0.163592424 0.226991189 0.142344047 0.114619687 0.129998745 0.121445214 1.573951069
0.030470598 0.053382535 0.104129387 0.441585744 0.200399157 0.103983036 0.066049543 1.60652064
0.09676803 0.128894011 0.186079631 0.128525413 0.173851426 0.172854393 0.113027097 1.279306538
0.008440189 0.029746003 0.148010981 0.392168383 0.336798023 0.056263043 0.028573378 2.279532785
0.106644094 0.16291952 0.176842581 0.141533731 0.101541982 0.138256689 0.172261403 1.546216935
0.048287744 0.161359711 0.318347084 0.27206535 0.10738511 0.060491657 0.032063344 9.107350188
0.070172815 0.202076095 0.284474639 0.26675897 0.105341234 0.047460481 0.023715768 6.247512533
0.106752119 0.15817623 0.205011577 0.165635693 0.128916509 0.145369945 0.090137926 1.607243615
0.243383201 0.171056835 0.339561899 0.040640994 0.09545925 0.084393047 0.025504775 1.330825915
0.025101853 0.046597872 0.092796238 0.307638229 0.336618144 0.115422961 0.075824703 1.758047826
0.116595535 0.198441896 0.281171778 0.1659263 0.110921394 0.080282687 0.04666041 1.9001654
0.020481404 0.039076706 0.105479842 0.380140768 0.337841765 0.062124039 0.054855476 1.682658661
0.0802898 0.183785376 0.264695173 0.28632354 0.092091524 0.063336881 0.029477706 5.069782685
0.023969367 0.03766853 0.094402243 0.414588513 0.205757437 0.159727397 0.063886513 1.94972592
0.029374762 0.055699893 0.114079862 0.376865459 0.298096821 0.071119755 0.054763448 1.781027139
0.010939818 0.027128447 0.135458066 0.430240871 0.317760454 0.041203974 0.037268369 2.131518661
0.105406464 0.175543364 0.241336005 0.204434151 0.117883494 0.07734351 0.078053013 1.956012763
0.018348198 0.036314473 0.121178071 0.413675515 0.335775836 0.048356523 0.026351383 2.034865536
0.082250904 0.151361966 0.23967532 0.178566862 0.110732038 0.149135645 0.088277265 1.576324886
0.068252514 0.173458764 0.322947693 0.261142689 0.091971171 0.054908861 0.027318308 7.2866792
0.139766403 0.127422774 0.085556633 0.071873778 0.202276491 0.25059977 0.122504151 1.611285837
0.092714036 0.184714559 0.220786509 0.128904398 0.098949313 0.135009871 0.138921314 1.660080561
0.028306882 0.049268045 0.101410746 0.376015943 0.346538104 0.056349888 0.042110392 1.660762792
0.126365642 0.215565588 0.182409591 0.111110457 0.095672757 0.169527564 0.0993484 1.242939239
0.108753649 0.178075083 0.220497321 0.147038943 0.119674799 0.145851174 0.08010903 1.617767172
0.095121656 0.159553187 0.240507355 0.209964004 0.143909369 0.099854865 0.051089564 1.837882532
0.096735168 0.155950644 0.237814775 0.188920302 0.141071516 0.09577451 0.083733086 1.718925927
0.024703046 0.039237789 0.121605412 0.414009832 0.306494519 0.055728134 0.038221267 2.48979275
0.172145103 0.154505607 0.318613078 0.05116887 0.12586477 0.110752196 0.066950376 1.324848254
0.113091726 0.169179701 0.239846832 0.226920823 0.10085526 0.080422068 0.069683589 2.063193524
0.088462235 0.194603592 0.3011356 0.200202222 0.078842775 0.08921899 0.047534585 2.550135191
0.166562979 0.174100456 0.329685455 0.05303334 0.088665911 0.095440509 0.092511351 1.214582368
0.104561752 0.234359574 0.253975322 0.150094962 0.078930293 0.100152948 0.077925148 2.638829503
0.028521306 0.053076973 0.100507916 0.37352949 0.322454235 0.068162085 0.053747995 1.547624703
0.102060943 0.254905117 0.316109027 0.14619061 0.083825081 0.062409167 0.034500055 3.469814052
0.085213354 0.105083558 0.21887401 0.319681844 0.178774887 0.053812073 0.038560273 2.350837484
0.107908681 0.180598331 0.222312524 0.160207547 0.097495269 0.115919742 0.115557905 1.523076807
0.095024967 0.144855038 0.247393984 0.172220921 0.124603279 0.13488496 0.081016851 1.634318025
0.060238594 0.06810416 0.073408975 0.059642836 0.178660249 0.339400822 0.220544364 1.673562543
0.086323233 0.202488128 0.301822688 0.189651191 0.088132236 0.093720331 0.037862193 2.603691007
0.119827537 0.176024017 0.211070039 0.173462395 0.100468029 0.103667323 0.11548066 1.712371101
0.091941362 0.20400209 0.284800212 0.226170807 0.091659242 0.064037848 0.03738844 4.360081565
0.082179249 0.185607324 0.211812105 0.113307766 0.097273362 0.168785811 0.141034382 1.459929807
0.064213346 0.164336151 0.24068192 0.19103861 0.160201054 0.085457 0.094071918 2.15236662
0.112640128 0.175024284 0.178831891 0.124880852 0.119110615 0.129746222 0.159766008 1.288940811
0.117475339 0.173429805 0.19417382 0.211328077 0.109174586 0.106498697 0.087919675 1.795805701
0.111702664 0.182435432 0.163695804 0.123404552 0.091578072 0.156639244 0.170544232 1.300942063
0.051051483 0.13661601 0.256265973 0.271091144 0.15926506 0.075765538 0.049944793 3.125819434
0.107144718 0.231820892 0.285876368 0.159753383 0.089214318 0.067421296 0.058769025 1.892667785
0.103581558 0.155974612 0.208002366 0.132288723 0.100323503 0.142227894 0.157601344 1.643117924
0.062593435 0.031645893 0.103985887 0.434100774 0.206093542 0.11398391 0.047596559 1.615917972
0.113648099 0.231535484 0.302829561 0.184567932 0.082341588 0.061007345 0.02406999 2.893972892
0.017856962 0.02709488 0.10928942 0.413556275 0.323211646 0.058096961 0.050893857 2.073071416
0.077045261 0.133843283 0.160976584 0.148700243 0.142642692 0.200122457 0.136669479 1.596715165
0.159892949 0.180598656 0.234274427 0.142622745 0.119609721 0.10793898 0.055062523 1.414714194
0.020047771 0.040240927 0.125611359 0.405014243 0.301293031 0.054739193 0.053053476 1.868040732
0.121603387 0.232286301 0.207001894 0.135721373 0.086728104 0.094439714 0.122219227 1.721237079
0.041876517 0.120723675 0.28039428 0.320426728 0.147594805 0.061788065 0.02719593 16.078738108
0.164037431 0.216538158 0.18167195 0.100759977 0.115682664 0.128063788 0.093246031 1.295211523
0.053528746 0.087902345 0.059242313 0.209037081 0.323322907 0.139008968 0.12795764 1.517184391
0.029020733 0.099670232 0.265086793 0.329272972 0.16892854 0.070785044 0.037235686 7.866733763
0.09333491 0.165229195 0.464778366 0.064449262 0.099034421 0.08110354 0.032070306 1.623996427
0.095839534 0.203155244 0.235753684 0.14589449 0.09429188 0.105145755 0.119919412 2.056793711
0.135660936 0.17478422 0.49119625 0.047626316 0.05668667 0.070222221 0.023823387 1.575836594
0.075197445 0.128714983 0.264380878 0.264905636 0.142351757 0.080758122 0.04369118 3.032646409
0.071904823 0.121025556 0.164359593 0.217749785 0.200582977 0.148101557 0.07627571 1.491788351
0.008227704 0.030089148 0.151352835 0.395670933 0.345437307 0.040029842 0.02919223 2.708609199
0.095063659 0.183612986 0.266655835 0.215710561 0.114894801 0.078794422 0.045267737 2.048141819
0.125818495 0.214961306 0.215161272 0.104399473 0.090373952 0.140233713 0.109051788 1.324339454
0.028363771 0.050800437 0.102842275 0.443868114 0.20276375 0.094564068 0.076797585 1.618422203
0.074102095 0.16754397 0.554394442 0.045103503 0.072571301 0.055051456 0.031233234 1.513980851
0.082854684 0.17705495 0.194186682 0.128938054 0.14425801 0.159375906 0.113331714 1.499700734
0.090554932 0.172132127 0.217257045 0.174352244 0.120884263 0.122393098 0.102426291 2.280683021
0.102743367 0.191601374 0.252648277 0.154842242 0.12199345 0.100302596 0.075868693 1.758021875
0.164439613 0.185415796 0.203299613 0.132529156 0.117171183 0.132372915 0.064771725 1.553698777
0.083219539 0.164506415 0.315092026 0.20401436 0.105757489 0.077252694 0.050157476 2.433192895
0.041436273 0.034993654 0.060463777 0.278931179 0.393087436 0.109221986 0.081865697 1.909633787
0.098222459 0.21342288 0.269768474 0.174890892 0.115214807 0.069550124 0.058930364 2.719445049
0.02238561 0.040501011 0.114220427 0.385318858 0.333585073 0.059942152 0.04404687 2.283461617
0.081649278 0.204174586 0.274229756 0.255358604 0.106976858 0.052504126 0.025106791 6.147397223
0.087058535 0.126348881 0.202234213 0.124347376 0.125730816 0.196858438 0.137421741 1.349887514
0.09935794 0.152336002 0.217805696 0.162425258 0.140375908 0.137352438 0.090346759 1.597033017
0.0342354 0.104239859 0.262944065 0.279824577 0.136444415 0.08892958 0.093382105 3.015873387
0.015107186 0.019786838 0.025847206 0.101305382 0.244425682 0.528657018 0.064870688 8.026924877
0.032299654 0.028598529 0.040039022 0.035631015 0.168155088 0.564270848 0.131005844 5.366348009
0.025215493 0.032551775 0.065727036 0.323329519 0.291570002 0.137175754 0.124430422 2.175636023
0.030407351 0.030494906 0.03540486 0.09616081 0.305554349 0.342043687 0.159934037 3.129650245
0.089386998 0.147565592 0.192069816 0.166923631 0.121533863 0.155450458 0.127069642 1.78122303
0.076794574 0.137637379 0.268173762 0.282464697 0.086486277 0.087223706 0.061219605 2.840679264
0.118863845 0.203862739 0.286466185 0.197000106 0.103060438 0.068583641 0.022163046 1.908707987
0.080817552 0.176637543 0.239510113 0.160469549 0.150976257 0.10926777 0.082321216 1.629773015
0.159548673 0.237845825 0.182099374 0.124268111 0.102079305 0.107565861 0.08659285 1.665202059
0.087554665 0.180024175 0.259615437 0.218507946 0.101567944 0.088259111 0.064470722 2.416693464
0.067456303 0.154620376 0.2198487 0.180499434 0.121757199 0.1491245 0.106693488 1.985275599
0.104486845 0.14292564 0.239731491 0.166758087 0.102316587 0.125431022 0.118350328 1.768112135
0.129793442 0.204673137 0.204696948 0.130839606 0.103378258 0.114865632 0.111752976 1.651498838
0.119848901 0.195009058 0.181943618 0.115147691 0.116681567 0.137997286 0.133371878 1.280910299
0.0634953 0.058112937 0.051185794 0.051399346 0.136979714 0.393291331 0.245535577 2.059914619
0.030918833 0.047172263 0.089541182 0.364447398 0.29991651 0.087466753 0.080537061 2.121351671
0.075070255 0.161478315 0.279265899 0.239832311 0.090850045 0.11044794 0.043055235 2.432775795
0.03515215 0.030920755 0.030590305 0.056072385 0.211288214 0.490604116 0.145372075 3.168820517
0.084610974 0.16510818 0.228021686 0.226506702 0.125985129 0.104360132 0.065407197 2.159511232
0.014614496 0.028725836 0.136945984 0.500830709 0.245908373 0.041520798 0.031453804 1.870746805
0.057194209 0.091858694 0.067231253 0.25342304 0.240600875 0.147649719 0.142042211 1.6003881
0.014033407 0.025937459 0.109293941 0.362893168 0.385796091 0.062646237 0.039399697 1.83044465
0.076264196 0.178247274 0.272501326 0.213903863 0.143552942 0.066908504 0.048621895 3.605224688
0.098579852 0.182528539 0.234129049 0.256257958 0.084089045 0.072779344 0.071636213 2.072446354
0.073681889 0.188284643 0.215940809 0.20384171 0.126637564 0.118726825 0.072886561 2.18806433
0.060416774 0.185861961 0.320183355 0.274983934 0.078830036 0.047782394 0.031941548 5.345728786
0.065964286 0.177125377 0.332922161 0.19297442 0.089267365 0.065326133 0.076420258 3.134868043
0.127316563 0.2035661 0.211648267 0.169670966 0.094891127 0.090307264 0.102599712 1.647756779
0.097235413 0.058365824 0.056020802 0.07784521 0.261379996 0.321928097 0.127224658 1.768013063
0.011258242 0.026281636 0.135376984 0.362626793 0.380087907 0.049114604 0.035253834 2.311814637
0.034988875 0.058262059 0.077067012 0.325934915 0.265521354 0.147025786 0.091199999 1.525914535
0.098516873 0.169202717 0.166105722 0.138644758 0.087306256 0.197940727 0.142282946 1.29297021
0.185444915 0.176842306 0.345007247 0.083760152 0.118623647 0.055423288 0.034898445 1.30458219
0.238234089 0.165416303 0.396647919 0.045781607 0.061648985 0.06097914 0.031291958 1.249421214
0.131739459 0.244694245 0.220303076 0.132190638 0.127715114 0.08982703 0.053530438 1.341975503
0.040864684 0.123897944 0.259586036 0.285472309 0.162125766 0.075237421 0.05281584 4.001531195
0.043815339 0.041033068 0.038782478 0.100168516 0.283727559 0.410818195 0.081654845 3.149651419
0.105164337 0.182701577 0.197316433 0.103743621 0.137703811 0.149327948 0.124042274 1.277261092
0.105514137 0.121281593 0.201609261 0.14738526 0.111039857 0.146938596 0.166231297 1.506352544
0.026136362 0.043555025 0.100480662 0.423755131 0.236597362 0.092900349 0.076575108 1.997834475
0.016525563 0.032572899 0.117992997 0.465953802 0.247547627 0.07028393 0.049123182 2.01577594
0.091851453 0.096044544 0.113047135 0.131602086 0.307032873 0.138343243 0.122078665 1.447606985
0.092028204 0.159240438 0.226580306 0.16771987 0.146462704 0.13094099 0.077027488 1.588086174
0.097262146 0.196051545 0.256000146 0.270373438 0.09894483 0.05338777 0.027980125 3.277811457
0.103796015 0.172068977 0.195282538 0.192355454 0.125873286 0.112927471 0.097696258 1.635328273
0.16368149 0.229413715 0.249262636 0.127214041 0.093563924 0.075241987 0.061622206 1.561212502
0.058252868 0.147482479 0.258270462 0.242515657 0.102264735 0.107915488 0.083298309 2.555242405
0.079214478 0.128877957 0.055668248 0.095538039 0.247957094 0.178520627 0.214223557 1.630083733
0.066645153 0.175795782 0.645575073 0.041594619 0.026464742 0.034782676 0.009141954 2.19992964
